# table of mode parameters for star 00770 (Python indexed) from S4TESS (https://github.com/warrickball/s4tess)
# in the format of an input file for AADG3 (https://warrickball.github.io/AADG3)
#l       n            freq           width           power             dcyc
 0       8   9.4211300e+02   8.9591284e-01   2.6219629e-04   0.00000000e+00
 0       9   1.0500941e+03   1.1448697e+00   1.2931587e-03   0.00000000e+00
 0      10   1.1567888e+03   1.3849038e+00   5.4727824e-03   0.00000000e+00
 0      11   1.2618420e+03   1.5939497e+00   1.9887938e-02   0.00000000e+00
 0      12   1.3636267e+03   1.7520713e+00   6.1380351e-02   0.00000000e+00
 0      13   1.4641287e+03   1.8531421e+00   1.6581787e-01   0.00000000e+00
 0      14   1.5653848e+03   1.8966981e+00   4.0045228e-01   0.00000000e+00
 0      15   1.6680028e+03   1.8895527e+00   8.6586169e-01   0.00000000e+00
 0      16   1.7708992e+03   1.8498926e+00   1.6577168e+00   0.00000000e+00
 0      17   1.8726910e+03   1.8047418e+00   2.7899085e+00   0.00000000e+00
 0      18   1.9737686e+03   1.7818690e+00   4.1492372e+00   0.00000000e+00
 0      19   2.0748702e+03   1.8073982e+00   5.4756671e+00   0.00000000e+00
 0      20   2.1772568e+03   1.9081796e+00   6.4192728e+00   0.00000000e+00
 0      21   2.2804192e+03   2.1127333e+00   6.6552605e+00   0.00000000e+00
 0      22   2.3841500e+03   2.4535692e+00   6.0867656e+00   0.00000000e+00
 0      23   2.4876907e+03   2.9659022e+00   4.9106112e+00   0.00000000e+00
 0      24   2.5911722e+03   3.6932223e+00   3.4953513e+00   0.00000000e+00
 0      25   2.6945237e+03   4.6829476e+00   2.1963567e+00   0.00000000e+00
 0      26   2.7981796e+03   5.9911946e+00   1.2155857e+00   0.00000000e+00
 0      27   2.9021366e+03   7.6718635e+00   5.9192834e-01   0.00000000e+00
 0      28   3.0063538e+03   9.7756553e+00   2.5341426e-01   0.00000000e+00
 0      29   3.1106664e+03   1.2344926e+01   9.5449181e-02   0.00000000e+00
 0      30   3.2149988e+03   1.5416363e+01   3.1645198e-02   0.00000000e+00
 0      31   3.3193211e+03   1.9021204e+01   9.2377730e-03   0.00000000e+00
 0      32   3.4235438e+03   2.3182458e+01   2.3773750e-03   0.00000000e+00
 1       7   8.8570614e+02   8.3268927e-01   1.1662953e-04   0.00000000e+00
 1       8   9.9310271e+02   1.0715224e+00   5.9940533e-04   0.00000000e+00
 1       9   1.1001455e+03   1.3407475e+00   2.7536793e-03   0.00000000e+00
 1      10   1.2062366e+03   1.5851039e+00   1.0874960e-02   0.00000000e+00
 1      11   1.3093991e+03   1.7894714e+00   3.6537569e-02   0.00000000e+00
 1      12   1.4104258e+03   1.8959334e+00   1.0385127e-01   0.00000000e+00
 1      13   1.5108025e+03   1.9289737e+00   2.5925120e-01   0.00000000e+00
 1      14   1.6129750e+03   1.9216064e+00   5.8842318e-01   0.00000000e+00
 1      15   1.7157837e+03   1.8916273e+00   1.2002176e+00   0.00000000e+00
 1      16   1.8184534e+03   1.8606128e+00   2.1847782e+00   0.00000000e+00
 1      17   1.9198131e+03   1.8202020e+00   3.4654074e+00   0.00000000e+00
 1      18   2.0209223e+03   1.8133150e+00   4.8658706e+00   0.00000000e+00
 1      19   2.1226770e+03   1.8509503e+00   6.0125161e+00   0.00000000e+00
 1      20   2.2256325e+03   1.9946211e+00   6.6480529e+00   0.00000000e+00
 1      21   2.3293078e+03   2.2534220e+00   6.4791562e+00   0.00000000e+00
 1      22   2.4331157e+03   2.6812571e+00   5.6052590e+00   0.00000000e+00
 1      23   2.5368447e+03   3.2940037e+00   4.2601132e+00   0.00000000e+00
 1      24   2.6403492e+03   4.1522394e+00   2.8626269e+00   0.00000000e+00
 1      25   2.7440547e+03   5.2846107e+00   1.6878199e+00   0.00000000e+00
 1      26   2.8479686e+03   6.7662989e+00   8.7741253e-01   0.00000000e+00
 1      27   2.9522996e+03   8.6444586e+00   4.0048027e-01   0.00000000e+00
 1      28   3.0566768e+03   1.0978196e+01   1.6109690e-01   0.00000000e+00
 1      29   3.1612111e+03   1.3799903e+01   5.6937939e-02   0.00000000e+00
 1      30   3.2656329e+03   1.7137868e+01   1.7729474e-02   0.00000000e+00
 1      31   3.3700756e+03   2.1053256e+01   4.8640119e-03   0.00000000e+00
 2       7   9.3337547e+02   9.0025897e-01   2.3536820e-04   0.00000000e+00
 2       8   1.0411366e+03   1.1481021e+00   1.1629855e-03   0.00000000e+00
 2       9   1.1476172e+03   1.3968881e+00   4.9731710e-03   0.00000000e+00
 2      10   1.2527261e+03   1.6183356e+00   1.8336213e-02   0.00000000e+00
 2      11   1.3545246e+03   1.7833328e+00   5.7156449e-02   0.00000000e+00
 2      12   1.4550090e+03   1.8785982e+00   1.5491660e-01   0.00000000e+00
 2      13   1.5560108e+03   1.9095458e+00   3.7377816e-01   0.00000000e+00
 2      14   1.6585867e+03   1.9004715e+00   8.1453274e-01   0.00000000e+00
 2      15   1.7615183e+03   1.8613300e+00   1.5765032e+00   0.00000000e+00
 2      16   1.8635290e+03   1.8217550e+00   2.6953511e+00   0.00000000e+00
 2      17   1.9647283e+03   1.7939499e+00   4.0503227e+00   0.00000000e+00
 2      18   2.0659127e+03   1.8128476e+00   5.3993218e+00   0.00000000e+00
 2      19   2.1683471e+03   1.9000969e+00   6.3765467e+00   0.00000000e+00
 2      20   2.2716281e+03   2.0946855e+00   6.6803053e+00   0.00000000e+00
 2      21   2.3755464e+03   2.4230070e+00   6.1709186e+00   0.00000000e+00
 2      22   2.4792983e+03   2.9243593e+00   5.0329364e+00   0.00000000e+00
 2      23   2.5830182e+03   3.6375661e+00   3.6171316e+00   0.00000000e+00
 2      24   2.6865681e+03   4.6106989e+00   2.2936499e+00   0.00000000e+00
 2      25   2.7904366e+03   5.8977185e+00   1.2795806e+00   0.00000000e+00
 2      26   2.8945807e+03   7.5535379e+00   6.2781703e-01   0.00000000e+00
 2      27   2.9990225e+03   9.6347152e+00   2.7072882e-01   0.00000000e+00
 2      28   3.1035364e+03   1.2179509e+01   1.0266878e-01   0.00000000e+00
 2      29   3.2080914e+03   1.5232120e+01   3.4258499e-02   0.00000000e+00
 2      30   3.3126093e+03   1.8811958e+01   1.0058745e-02   0.00000000e+00
 2      31   3.4170368e+03   2.2961505e+01   2.6035779e-03   0.00000000e+00
 3       8   1.0826901e+03   1.2851106e+00   2.1470674e-03   0.00000000e+00
 3       9   1.1891826e+03   1.5293971e+00   8.6929895e-03   0.00000000e+00
 3      10   1.2931536e+03   1.7422835e+00   3.0125110e-02   0.00000000e+00
 3      11   1.3945260e+03   1.8647377e+00   8.7927294e-02   0.00000000e+00
 3      12   1.4950034e+03   1.9182963e+00   2.2511982e-01   0.00000000e+00
 3      13   1.5970611e+03   1.9210905e+00   5.2070695e-01   0.00000000e+00
 3      14   1.6999862e+03   1.8983610e+00   1.0844476e+00   0.00000000e+00
 3      15   1.8029886e+03   1.8651052e+00   2.0116021e+00   0.00000000e+00
 3      16   1.9046564e+03   1.8239891e+00   3.2580381e+00   0.00000000e+00
 3      17   2.0059798e+03   1.8108914e+00   4.6622990e+00   0.00000000e+00
 3      18   2.1077285e+03   1.8414954e+00   5.8755730e+00   0.00000000e+00
 3      19   2.2107926e+03   1.9710930e+00   6.6150823e+00   0.00000000e+00
 3      20   2.3145824e+03   2.2124985e+00   6.5652337e+00   0.00000000e+00
 3      21   2.4186613e+03   2.6175605e+00   5.7775979e+00   0.00000000e+00
 3      22   2.5226122e+03   3.2027032e+00   4.4648736e+00   0.00000000e+00
 3      23   2.6263849e+03   4.0292993e+00   3.0492158e+00   0.00000000e+00
 3      24   2.7302676e+03   5.1241992e+00   1.8268220e+00   0.00000000e+00
 3      25   2.8343816e+03   6.5656729e+00   9.6476098e-01   0.00000000e+00
 3      26   2.9388996e+03   8.3957202e+00   4.4695199e-01   0.00000000e+00
 3      27   3.0435018e+03   1.0681998e+01   1.8241270e-01   0.00000000e+00
 3      28   3.1482585e+03   1.3448947e+01   6.5348528e-02   0.00000000e+00
 3      29   3.2529124e+03   1.6738735e+01   2.0622026e-02   0.00000000e+00
 3      30   3.3575924e+03   2.0595784e+01   5.7267839e-03   0.00000000e+00
